999
134524940
998
134524944
997
134524948
996
134524952
995
134524956
994
134524960
993
134524964
992
134524968
991
134524972
990
134524976
989
134524980
988
134524984
987
134524988
986
134524992
985
134524996
984
134525000
983
134525004
982
134525008
981
134525012
980
134525016
979
134525020
978
134525024
977
134525028
976
134525032
975
134525036
974
134525040
973
134525044
972
134525048
971
134525052
970
134525056
969
134525060
968
134525064
967
134525068
966
134525072
965
134525076
964
134525080
963
134525084
962
134525088
961
134525092
960
134525096
959
134525100
958
134525104
957
134525108
956
134525112
955
134525116
954
134525120
953
134525124
952
134525128
951
134525132
950
134525136
949
134525140
948
134525144
947
134525148
946
134525152
945
134525156
944
134525160
943
134525164
942
134525168
941
134525172
940
134525176
939
134525180
938
134525184
937
134525188
936
134525192
935
134525196
934
134525200
933
134525204
932
134525208
931
134525212
930
134525216
929
134525220
928
134525224
927
134525228
926
134525232
925
134525236
924
134525240
923
134525244
922
134525248
921
134525252
920
134525256
919
134525260
918
134525264
917
134525268
916
134525272
915
134525276
914
134525280
913
134525284
912
134525288
911
134525292
910
134525296
909
134525300
908
134525304
907
134525308
906
134525312
905
134525316
904
134525320
903
134525324
902
134525328
901
134525332
900
134525336
899
134525340
898
134525344
897
134525348
896
134525352
895
134525356
894
134525360
893
134525364
892
134525368
891
134525372
890
134525376
889
134525380
888
134525384
887
134525388
886
134525392
885
134525396
884
134525400
883
134525404
882
134525408
881
134525412
880
134525416
879
134525420
878
134525424
877
134525428
876
134525432
875
134525436
874
134525440
873
134525444
872
134525448
871
134525452
870
134525456
869
134525460
868
134525464
867
134525468
866
134525472
865
134525476
864
134525480
863
134525484
862
134525488
861
134525492
860
134525496
859
134525500
858
134525504
857
134525508
856
134525512
855
134525516
854
134525520
853
134525524
852
134525528
851
134525532
850
134525536
849
134525540
848
134525544
847
134525548
846
134525552
845
134525556
844
134525560
843
134525564
842
134525568
841
134525572
840
134525576
839
134525580
838
134525584
837
134525588
836
134525592
835
134525596
834
134525600
833
134525604
832
134525608
831
134525612
830
134525616
829
134525620
828
134525624
827
134525628
826
134525632
825
134525636
824
134525640
823
134525644
822
134525648
821
134525652
820
134525656
819
134525660
818
134525664
817
134525668
816
134525672
815
134525676
814
134525680
813
134525684
812
134525688
811
134525692
810
134525696
809
134525700
808
134525704
807
134525708
806
134525712
805
134525716
804
134525720
803
134525724
802
134525728
801
134525732
800
134525736
799
134525740
798
134525744
797
134525748
796
134525752
795
134525756
794
134525760
793
134525764
792
134525768
791
134525772
790
134525776
789
134525780
788
134525784
787
134525788
786
134525792
785
134525796
784
134525800
783
134525804
782
134525808
781
134525812
780
134525816
779
134525820
778
134525824
777
134525828
776
134525832
775
134525836
774
134525840
773
134525844
772
134525848
771
134525852
770
134525856
769
134525860
768
134525864
767
134525868
766
134525872
765
134525876
764
134525880
763
134525884
762
134525888
761
134525892
760
134525896
759
134525900
758
134525904
757
134525908
756
134525912
755
134525916
754
134525920
753
134525924
752
134525928
751
134525932
750
134525936
749
134525940
748
134525944
747
134525948
746
134525952
745
134525956
744
134525960
743
134525964
742
134525968
741
134525972
740
134525976
739
134525980
738
134525984
737
134525988
736
134525992
735
134525996
734
134526000
733
134526004
732
134526008
731
134526012
730
134526016
729
134526020
728
134526024
727
134526028
726
134526032
725
134526036
724
134526040
723
134526044
722
134526048
721
134526052
720
134526056
719
134526060
718
134526064
717
134526068
716
134526072
715
134526076
714
134526080
713
134526084
712
134526088
711
134526092
710
134526096
709
134526100
708
134526104
707
134526108
706
134526112
705
134526116
704
134526120
703
134526124
702
134526128
701
134526132
700
134526136
699
134526140
698
134526144
697
134526148
696
134526152
695
134526156
694
134526160
693
134526164
692
134526168
691
134526172
690
134526176
689
134526180
688
134526184
687
134526188
686
134526192
685
134526196
684
134526200
683
134526204
682
134526208
681
134526212
680
134526216
679
134526220
678
134526224
677
134526228
676
134526232
675
134526236
674
134526240
673
134526244
672
134526248
671
134526252
670
134526256
669
134526260
668
134526264
667
134526268
666
134526272
665
134526276
664
134526280
663
134526284
662
134526288
661
134526292
660
134526296
659
134526300
658
134526304
657
134526308
656
134526312
655
134526316
654
134526320
653
134526324
652
134526328
651
134526332
650
134526336
649
134526340
648
134526344
647
134526348
646
134526352
645
134526356
644
134526360
643
134526364
642
134526368
641
134526372
640
134526376
639
134526380
638
134526384
637
134526388
636
134526392
635
134526396
634
134526400
633
134526404
632
134526408
631
134526412
630
134526416
629
134526420
628
134526424
627
134526428
626
134526432
625
134526436
624
134526440
623
134526444
622
134526448
621
134526452
620
134526456
619
134526460
618
134526464
617
134526468
616
134526472
615
134526476
614
134526480
613
134526484
612
134526488
611
134526492
610
134526496
609
134526500
608
134526504
607
134526508
606
134526512
605
134526516
604
134526520
603
134526524
602
134526528
601
134526532
600
134526536
599
134526540
598
134526544
597
134526548
596
134526552
595
134526556
594
134526560
593
134526564
592
134526568
591
134526572
590
134526576
589
134526580
588
134526584
587
134526588
586
134526592
585
134526596
584
134526600
583
134526604
582
134526608
581
134526612
580
134526616
579
134526620
578
134526624
577
134526628
576
134526632
575
134526636
574
134526640
573
134526644
572
134526648
571
134526652
570
134526656
569
134526660
568
134526664
567
134526668
566
134526672
565
134526676
564
134526680
563
134526684
562
134526688
561
134526692
560
134526696
559
134526700
558
134526704
557
134526708
556
134526712
555
134526716
554
134526720
553
134526724
552
134526728
551
134526732
550
134526736
549
134526740
548
134526744
547
134526748
546
134526752
545
134526756
544
134526760
543
134526764
542
134526768
541
134526772
540
134526776
539
134526780
538
134526784
537
134526788
536
134526792
535
134526796
534
134526800
533
134526804
532
134526808
531
134526812
530
134526816
529
134526820
528
134526824
527
134526828
526
134526832
525
134526836
524
134526840
523
134526844
522
134526848
521
134526852
520
134526856
519
134526860
518
134526864
517
134526868
516
134526872
515
134526876
514
134526880
513
134526884
512
134526888
511
134526892
510
134526896
509
134526900
508
134526904
507
134526908
506
134526912
505
134526916
504
134526920
503
134526924
502
134526928
501
134526932
500
134526936
499
134526940
498
134526944
497
134526948
496
134526952
495
134526956
494
134526960
493
134526964
492
134526968
491
134526972
490
134526976
489
134526980
488
134526984
487
134526988
486
134526992
485
134526996
484
134527000
483
134527004
482
134527008
481
134527012
480
134527016
479
134527020
478
134527024
477
134527028
476
134527032
475
134527036
474
134527040
473
134527044
472
134527048
471
134527052
470
134527056
469
134527060
468
134527064
467
134527068
466
134527072
465
134527076
464
134527080
463
134527084
462
134527088
461
134527092
460
134527096
459
134527100
458
134527104
457
134527108
456
134527112
455
134527116
454
134527120
453
134527124
452
134527128
451
134527132
450
134527136
449
134527140
448
134527144
447
134527148
446
134527152
445
134527156
444
134527160
443
134527164
442
134527168
441
134527172
440
134527176
439
134527180
438
134527184
437
134527188
436
134527192
435
134527196
434
134527200
433
134527204
432
134527208
431
134527212
430
134527216
429
134527220
428
134527224
427
134527228
426
134527232
425
134527236
424
134527240
423
134527244
422
134527248
421
134527252
420
134527256
419
134527260
418
134527264
417
134527268
416
134527272
415
134527276
414
134527280
413
134527284
412
134527288
411
134527292
410
134527296
409
134527300
408
134527304
407
134527308
406
134527312
405
134527316
404
134527320
403
134527324
402
134527328
401
134527332
400
134527336
399
134527340
398
134527344
397
134527348
396
134527352
395
134527356
394
134527360
393
134527364
392
134527368
391
134527372
390
134527376
389
134527380
388
134527384
387
134527388
386
134527392
385
134527396
384
134527400
383
134527404
382
134527408
381
134527412
380
134527416
379
134527420
378
134527424
377
134527428
376
134527432
375
134527436
374
134527440
373
134527444
372
134527448
371
134527452
370
134527456
369
134527460
368
134527464
367
134527468
366
134527472
365
134527476
364
134527480
363
134527484
362
134527488
361
134527492
360
134527496
359
134527500
358
134527504
357
134527508
356
134527512
355
134527516
354
134527520
353
134527524
352
134527528
351
134527532
350
134527536
349
134527540
348
134527544
347
134527548
346
134527552
345
134527556
344
134527560
343
134527564
342
134527568
341
134527572
340
134527576
339
134527580
338
134527584
337
134527588
336
134527592
335
134527596
334
134527600
333
134527604
332
134527608
331
134527612
330
134527616
329
134527620
328
134527624
327
134527628
326
134527632
325
134527636
324
134527640
323
134527644
322
134527648
321
134527652
320
134527656
319
134527660
318
134527664
317
134527668
316
134527672
315
134527676
314
134527680
313
134527684
312
134527688
311
134527692
310
134527696
309
134527700
308
134527704
307
134527708
306
134527712
305
134527716
304
134527720
303
134527724
302
134527728
301
134527732
300
134527736
299
134527740
298
134527744
297
134527748
296
134527752
295
134527756
294
134527760
293
134527764
292
134527768
291
134527772
290
134527776
289
134527780
288
134527784
287
134527788
286
134527792
285
134527796
284
134527800
283
134527804
282
134527808
281
134527812
280
134527816
279
134527820
278
134527824
277
134527828
276
134527832
275
134527836
274
134527840
273
134527844
272
134527848
271
134527852
270
134527856
269
134527860
268
134527864
267
134527868
266
134527872
265
134527876
264
134527880
263
134527884
262
134527888
261
134527892
260
134527896
259
134527900
258
134527904
257
134527908
256
134527912
255
134527916
254
134527920
253
134527924
252
134527928
251
134527932
250
134527936
249
134527940
248
134527944
247
134527948
246
134527952
245
134527956
244
134527960
243
134527964
242
134527968
241
134527972
240
134527976
239
134527980
238
134527984
237
134527988
236
134527992
235
134527996
234
134528000
233
134528004
232
134528008
231
134528012
230
134528016
229
134528020
228
134528024
227
134528028
226
134528032
225
134528036
224
134528040
223
134528044
222
134528048
221
134528052
220
134528056
219
134528060
218
134528064
217
134528068
216
134528072
215
134528076
214
134528080
213
134528084
212
134528088
211
134528092
210
134528096
209
134528100
208
134528104
207
134528108
206
134528112
205
134528116
204
134528120
203
134528124
202
134528128
201
134528132
200
134528136
199
134528140
198
134528144
197
134528148
196
134528152
195
134528156
194
134528160
193
134528164
192
134528168
191
134528172
190
134528176
189
134528180
188
134528184
187
134528188
186
134528192
185
134528196
184
134528200
183
134528204
182
134528208
181
134528212
180
134528216
179
134528220
178
134528224
177
134528228
176
134528232
175
134528236
174
134528240
173
134528244
172
134528248
171
134528252
170
134528256
169
134528260
168
134528264
167
134528268
166
134528272
165
134528276
164
134528280
163
134528284
162
134528288
161
134528292
160
134528296
159
134528300
158
134528304
157
134528308
156
134528312
155
134528316
154
134528320
153
134528324
152
134528328
151
134528332
150
134528336
149
134528340
148
134528344
147
134528348
146
134528352
145
134528356
144
134528360
143
134528364
142
134528368
141
134528372
140
134528376
139
134528380
138
134528384
137
134528388
136
134528392
135
134528396
134
134528400
133
134528404
132
134528408
131
134528412
130
134528416
129
134528420
128
134528424
127
134528428
126
134528432
125
134528436
124
134528440
123
134528444
122
134528